Bulk Grav to ZZ:
=====================================================
=====================================================

all events reweighted:



mass    mean     std      std (%)
 ====================================================
800 30038.3     3144.5      10.47
1000 30050.0     3662.3      12.19
1200 30067.4     4334.3      14.42
1400 29889.1     4979.7      16.66
1600 30124.0     5771.0      19.16
1800 30160.7     6580.8      21.82
2000 30208.4     7515.5      24.88
2500 30399.6     10260.9      33.75
3000 30783.0     13754.2      44.68
3500 30449.3     17627.2      57.89
4000 32779.9     23788.2      72.57






events which pass selection reweighted:



mass    mean     std      std (%)
 ====================================================
800 39.1     4.5    11.6
1000 6674.3     782.1    11.72
1200 7930.0     1090.0    13.74
1400 7951.2     1253.4    15.76
1600 7798.6     1414.5    18.14
1800 7736.2     1603.7    20.73
2000 7674.7     1815.1    23.65
2500 6966.2     2289.2    32.86
3000 6416.0     2822.6    43.99
3500 5888.8     3367.6    57.19
4000 6008.2     4329.8    72.06




acceptance :




mass    mean     std      std (%)
 ====================================================
800 0.0013     0.0    1.55
1000 0.2222     0.0013    0.6
1200 0.264     0.0022    0.82
1400 0.2664     0.0028    1.07
1600 0.2594     0.0031    1.19
1800 0.2571     0.0033    1.28
2000 0.2549     0.0037    1.45
2500 0.2299     0.0026    1.12
3000 0.2092     0.0019    0.93
3500 0.1944     0.0022    1.15
4000 0.1844     0.0018    0.98
