Wprime to WZ:
=====================================================
=====================================================

all events reweighted:



mass    mean     std      std (%)
 ====================================================
800 1999.7     80.6      4.03
1000 30010.1     1242.5      4.14
1200 30009.0     1289.8      4.3
1400 30010.6     1354.3      4.51
1600 29608.7     1411.3      4.77
1800 30006.0     1503.4      5.01
2000 27803.6     1489.9      5.36
2500 30000.3     1902.3      6.34
3000 30006.9     2456.4      8.19
3500 30005.7     3403.3      11.34
4000 30011.2     5183.8      17.27
4500 29064.0     8695.8      29.92




events which pass selection reweighted:


mass    mean     std      std (%)
 ====================================================
800 1.0     0.0    4.54
1000 6806.6     281.1    4.13
1200 7826.1     337.2    4.31
1400 7454.0     340.4    4.57
1600 7502.3     357.2    4.76
1800 7197.3     357.9    4.97
2000 6599.0     353.6    5.36
2500 6472.0     406.1    6.28
3000 5941.5     459.7    7.74
3500 5780.0     614.8    10.64
4000 5605.9     898.4    16.03
4500 5208.3     1486.0    28.53

acceptance :



mass    mean     std      std (%)
 ====================================================
800 0.0005     0.0    1.82
1000 0.2268     0.0004    0.16
1200 0.2608     0.0004    0.17
1400 0.2484     0.0005    0.2
1600 0.2534     0.0005    0.19
1800 0.2399     0.0006    0.26
2000 0.2373     0.0007    0.31
2500 0.2157     0.0011    0.5
3000 0.1981     0.0021    1.08
3500 0.1928     0.0027    1.4
4000 0.1871     0.0032    1.69
4500 0.1797     0.0036    1.99
