Zprime to WW:
=====================================================
=====================================================

all events reweighted:



mass    mean     std      std (%)
 ====================================================
800 30014.8     1215.9      4.05
1000 30016.0     1248.2      4.16
1200 30015.6     1301.1      4.33
1400 30016.8     1358.1      4.52
1600 29015.8     1396.3      4.81
1800 30018.9     1509.7      5.03
2000 30014.0     1604.8      5.35
2500 30023.9     1917.6      6.39
3000 30021.7     2342.8      7.8
3500 29009.7     2878.3      9.92
4000 30009.0     3897.4      12.99
4500 29990.6     5264.0      17.55






events which pass selection reweighted:



mass    mean     std      std (%)
 ====================================================
800 11.0     0.5    4.81
1000 3195.7     132.0    4.13
1200 3500.0     150.8    4.31
1400 3298.1     150.0    4.55
1600 3108.1     146.5    4.71
1800 3183.3     159.0    4.99
2000 3002.2     160.2    5.34
2500 2867.9     179.0    6.24
3000 2647.6     204.9    7.74
3500 2531.2     245.2    9.69
4000 2562.9     323.9    12.64
4500 2472.9     424.0    17.14

acceptance :



mass    mean     std      std (%)
 ====================================================
800 0.0004     0.0    4.28
1000 0.1065     0.0003    0.24
1200 0.1166     0.0002    0.16
1400 0.1099     0.0003    0.3
1600 0.1071     0.0004    0.34
1800 0.106     0.0003    0.31
2000 0.1     0.0004    0.36
2500 0.0955     0.0004    0.41
3000 0.0882     0.0006    0.63
3500 0.0873     0.0007    0.78
4000 0.0854     0.0011    1.29
4500 0.0825     0.0011    1.37
