Bulk Grav to WW:
=====================================================
=====================================================

all events reweighted:



mass    mean     std      std (%)
 ====================================================
800 30037.3     3155.4      10.5
1000 30050.1     3691.8      12.29
1200 30068.1     4280.8      14.24
1400 30091.9     5041.6      16.75
1600 30120.1     5763.2      19.13
1800 30159.4     6615.6      21.94
2000 30209.5     7525.4      24.91
2500 30195.7     10175.0      33.7
3000 30782.3     13766.2      44.72
3500 31510.2     18184.1      57.71
4000 32794.4     23723.7      72.34
4500 34954.5     30645.8      87.67







events which pass selection reweighted:



mass    mean     std      std (%)
 ====================================================
800 22.0     2.4    10.95
1000 3357.7     388.7    11.58
1200 3585.1     481.2    13.42
1400 3549.8     558.6    15.74
1600 3409.9     622.3    18.25
1800 3207.0     659.1    20.55
2000 3137.9     745.8    23.77
2500 2923.8     953.8    32.62
3000 2732.2     1184.0    43.33
3500 2673.7     1517.8    56.77
4000 2714.0     1950.2    71.86
4500 2862.9     2486.3    86.85




acceptance :




mass    mean     std      std (%)
 ====================================================
800 0.0007     0.0    0.76
1000 0.1118     0.001    0.91
1200 0.1194     0.0012    1.02
1400 0.1182     0.0014    1.2
1600 0.1134     0.0012    1.04
1800 0.1067     0.0017    1.62
2000 0.1042     0.0014    1.34
2500 0.0972     0.0013    1.35
3000 0.0894     0.0017    1.9
3500 0.0856     0.0014    1.64
4000 0.0835     0.0012    1.4
4500 0.0834     0.0044    5.27
