all events reweighted:


mass    mean     std      std (%)
 ====================================================
800 37146.1     1713.9      4.61
1000 36954.5     1756.8      4.75
1200 36568.5     1826.8      5.0
1400 36132.3     1918.6      5.31
1600 35608.4     2042.4      5.74
1800 35135.2     2196.9      6.25
2000 6523.7     444.5      6.81
2500 33249.9     2966.4      8.92
3000 31659.9     3763.7      11.89
3500 30562.1     4836.2      15.82
4000 29216.7     6149.7      21.05
4500 28000.6     7677.8      27.42
5000 26876.9     9217.7      34.3
5500 26037.9     11093.1      42.6
6000 25156.0     12824.7      50.98
6500 24637.3     14199.5      57.63
7000 24553.0     15027.4      61.2

events which pass selection reweighted:

mass    mean     std      std (%)
 ====================================================
800 646.1     30.9    4.79
1000 5026.8     239.8    4.77
1200 6187.2     318.3    5.14
1400 6317.2     333.9    5.29
1600 6272.4     362.9    5.79
1800 6112.5     384.9    6.3
2000 1142.6     80.6    7.05
2500 5662.7     506.2    8.94
3000 5248.8     630.5    12.01
3500 4936.8     790.1    16.0
4000 4451.5     932.8    20.96
4500 4348.8     1204.0    27.69
5000 4114.6     1414.5    34.38
5500 3960.7     1673.7    42.26
6000 3684.0     1891.8    51.35
6500 3725.1     2101.9    56.42
7000 3647.7     2183.6    59.86

acceptance :

mass    mean     std      std (%)
 ====================================================
800 0.0174     0.0002    0.87
1000 0.136     0.0007    0.51
1200 0.1692     0.0015    0.87
1400 0.1748     0.0004    0.23
1600 0.1761     0.0004    0.21
1800 0.174     0.0003    0.19
2000 0.1751     0.001    0.59
2500 0.1703     0.0004    0.23
3000 0.1658     0.0008    0.5
3500 0.1615     0.001    0.59
4000 0.1524     0.0007    0.46
4500 0.1552     0.001    0.67
5000 0.153     0.0016    1.01
5500 0.1524     0.0012    0.77
6000 0.1461     0.0011    0.76
6500 0.1527     0.0041    2.71
7000 0.1504     0.0039    2.58
