
all events reweighted: 

mass    mean     std      std (%)
 ====================================================
800  37362.3     1692.1      4.53
1000 22499.7     1046.0      4.65
1200 36801.6     1800.9      4.89
1400 36367.3     1892.5      5.2
1600 36031.6     2002.9      5.56
1800 35472.8     2149.6      6.06
2000 35048.9     2328.9      6.64
2500 33612.4     2923.5      8.7
3000 32352.5     3706.5      11.46
3500 30920.6     4820.0      15.59
4000 29654.5     6153.1      20.75
4500 16464.9     4451.3      27.04
5000 26842.7     9268.3      34.53
5500 26012.0     11092.6     42.64
6000 24994.1     12734.3     50.95
6500 24502.1     14212.6     58.01
7000 23954.8     14520.6     60.62

events which pass selection reweighted:


mass    mean     std      std (%)
 ====================================================
800 688.7     33.1    4.8
1000 3127.2     146.0     4.67
1200 6164.6     303.1     4.92
1400 6069.4     315.9     5.2
1600 6130.9     341.3     5.57
1800 5881.6     359.4     6.11
2000 5639.3     374.1     6.63
2500 5380.2     473.7     8.8
3000 5004.0     569.0     11.37
3500 4684.9     745.8     15.92
4000 4525.9     935.5     20.67
4500 2566.3     688.4     26.82
5000 4060.2     1415.6    34.86
5500 3904.3     1698.4    43.5
6000 3643.0     1824.3    50.08
6500 3536.6     2033.3    57.49
7000 3437.5     2075.5    60.38

acceptance :

mass    mean     std      std (%)
 ====================================================
800 0.0184      0.0002    1.11
1000 0.139      0.0004    0.26
1200 0.1675     0.0004    0.21
1400 0.1669     0.0003    0.2
1600 0.1702     0.0008    0.49
1800 0.1658     0.0003    0.2
2000 0.1609     0.0004    0.24
2500 0.1601     0.0006    0.35
3000 0.1547     0.0009    0.6
3500 0.1514     0.0009    0.57
4000 0.1526     0.0011    0.69
4500 0.1559     0.0013    0.84
5000 0.151      0.0012    0.81
5500 0.1494     0.0033    2.2
6000 0.1466     0.0032    2.16
6500 0.1448     0.0021    1.44
7000 0.1442     0.0034    2.36
